16284
18970
16705
21032
10456
18066
23264
23248
24171
11975
20990
701
1155
15458
23159
20958
922
1023
1120
1210
1309
1228
80063
20532
17884
19305
80179
16772
19909
19640
21180
4820
17922
14206
16292
23817
19119
19135
24228
18821
2429
20303
2437
18309
2577
16861
16616
14451
14362
18139
3204
3077
3298
3395
3654
18708
19275
19445
3115
3158
18287
14818
22268
20397
22411
22721
20192
4707
21148
23485
18660
18953
20044
18376
14460
19623
9342
5207
18597
21741
19453
15342
5380
17485
16209
16993
19011
22365
14605
21237
20010
21016
5770
1570
22977
20621
6076
24350
16101
20222
21008
19569
16632
19615
4669
24392
6629
21431
6815
20494
7510
17558
24279
6041
11932
19364
7617
20575
20605
13285
4146
12653
23434
8036
19100
24759
23272
8087
17434
20060
23612
8575
8427
20788
4782
20613
8656
8753
22012
20931
17914
23825
20915
5312
24783
15539
22985
21334
20125
23426
21342
23507
94
9393
13773
20478
24295
9539
22160
19658
23523
80152
24236
20346
22497
5258
14109
19860
12572
9989
21440
18368
23167
15300
17450
19593
14923
17892
20516
10472
23221
22799
24260
10880
20966
22594
16438
9067
22454
24066
20435
20800
11231
17671
18538
20354
17639
19330
8192
21130
22276
18465
21555
16624
4170
23990
24805
11762
11991
80047
11070
